{
  "windows" : [
    {
      "category" : {
        "window" : {

        }
      },
      "confidence" : {
        "high" : {

        }
      },
      "dimensions" : [
        3.4515025615692139,
        0.90035796165466309,
        0
      ],
      "completedEdges" : [

      ],
      "parentIdentifier" : "7947020C-7F31-4109-85EE-574ED472E833",
      "identifier" : "00BE363F-31FA-447B-97E1-38850701B0ED",
      "curve" : null,
      "transform" : [
        0.96146506071090698,
        0,
        0.27492687106132507,
        0,
        0,
        0.99999994039535522,
        0,
        0,
        -0.27492687106132507,
        0,
        0.96146506071090698,
        0,
        7.396399974822998,
        -0.26346912980079651,
        -0.41465118527412415,
        0.99999994039535522
      ]
    },
    {
      "category" : {
        "window" : {

        }
      },
      "confidence" : {
        "medium" : {

        }
      },
      "dimensions" : [
        1.1327694654464722,
        1.1210501194000244,
        0
      ],
      "completedEdges" : [

      ],
      "parentIdentifier" : "C470AEC5-93BB-4B14-B8C7-1D998E2DACF2",
      "identifier" : "F8838E28-5C11-49CB-A2C3-9224FC896263",
      "curve" : null,
      "transform" : [
        0.93255758285522461,
        0,
        0.36102131009101868,
        0,
        0,
        0.99999994039535522,
        0,
        0,
        -0.36102131009101868,
        0,
        0.93255758285522461,
        0,
        1.0053952932357788,
        -0.22958406805992126,
        -2.2343423366546631,
        0.99999994039535522
      ]
    }
  ],
  "doors" : [
    {
      "category" : {
        "door" : {
          "isOpen" : false
        }
      },
      "confidence" : {
        "medium" : {

        }
      },
      "dimensions" : [
        1.0223621129989624,
        2.0748934745788574,
        0
      ],
      "completedEdges" : [

      ],
      "parentIdentifier" : "7947020C-7F31-4109-85EE-574ED472E833",
      "identifier" : "5B800336-006A-40DB-B91D-822B11551A30",
      "curve" : null,
      "transform" : [
        0.96146506071090698,
        0,
        0.27492699027061462,
        0,
        0,
        0.99999994039535522,
        0,
        0,
        -0.27492699027061462,
        0,
        0.96146506071090698,
        0,
        10.190058708190918,
        -0.75377500057220459,
        0.3841836154460907,
        0.99999994039535522
      ]
    },
    {
      "category" : {
        "door" : {
          "isOpen" : false
        }
      },
      "confidence" : {
        "high" : {

        }
      },
      "dimensions" : [
        1.6503238677978516,
        2.1257686614990234,
        0
      ],
      "completedEdges" : [

      ],
      "parentIdentifier" : "C4C3ECF2-89FB-4A25-9444-E482460D8B45",
      "identifier" : "141C8C5A-6A53-423C-B9C2-396137B8A1B8",
      "curve" : null,
      "transform" : [
        -0.95943546295166016,
        0,
        -0.28192821145057678,
        0,
        0,
        0.99999994039535522,
        0,
        0,
        0.28192821145057678,
        0,
        -0.95943540334701538,
        0,
        7.9518527984619141,
        -0.72833734750747681,
        6.5835394859313965,
        0.99999994039535522
      ]
    }
  ],
  "walls" : [
    {
      "category" : {
        "wall" : {

        }
      },
      "confidence" : {
        "high" : {

        }
      },
      "dimensions" : [
        4.0018653869628906,
        3.0176644325256348,
        0
      ],
      "completedEdges" : [
        {
          "left" : {

          }
        },
        {
          "right" : {

          }
        }
      ],
      "parentIdentifier" : null,
      "identifier" : "DAFF383C-9DBE-400C-879B-5FBCCA97DFC5",
      "curve" : null,
      "transform" : [
        -0.95730018615722656,
        0,
        -0.28909549117088318,
        0,
        0,
        0.99999994039535522,
        0,
        0,
        0.28909549117088318,
        0,
        -0.95730018615722656,
        0,
        2.8383729457855225,
        -0.28238955140113831,
        12.967082977294922,
        0.99999994039535522
      ]
    },
    {
      "category" : {
        "wall" : {

        }
      },
      "confidence" : {
        "high" : {

        }
      },
      "dimensions" : [
        0.61869186162948608,
        3.0176644325256348,
        0
      ],
      "completedEdges" : [
        {
          "left" : {

          }
        },
        {
          "right" : {

          }
        }
      ],
      "parentIdentifier" : null,
      "identifier" : "89A564A3-D7B5-4137-896D-EBE843D50B11",
      "curve" : null,
      "transform" : [
        0.28909558057785034,
        0,
        -0.95730018615722656,
        0,
        0,
        0.99999994039535522,
        0,
        0,
        0.95730018615722656,
        0,
        0.28909558057785034,
        0,
        1.0123100280761719,
        -0.28238955140113831,
        12.092485427856445,
        0.99999994039535522
      ]
    },
    {
      "category" : {
        "wall" : {

        }
      },
      "confidence" : {
        "high" : {

        }
      },
      "dimensions" : [
        0.54911559820175171,
        3.0176644325256348,
        0
      ],
      "completedEdges" : [
        {
          "left" : {

          }
        },
        {
          "right" : {

          }
        }
      ],
      "parentIdentifier" : null,
      "identifier" : "41F17274-0CBC-4BE6-B24B-499BB10AC08D",
      "curve" : null,
      "transform" : [
        -0.95826172828674316,
        0,
        -0.28589242696762085,
        0,
        0,
        0.99999994039535522,
        0,
        0,
        0.28589242696762085,
        0,
        -0.95826166868209839,
        0,
        0.83864253759384155,
        -0.28238955140113831,
        11.717854499816895,
        0.99999994039535522
      ]
    },
    {
      "category" : {
        "wall" : {

        }
      },
      "confidence" : {
        "medium" : {

        }
      },
      "dimensions" : [
        0.36375576257705688,
        3.0176644325256348,
        0
      ],
      "completedEdges" : [
        {
          "right" : {

          }
        },
        {
          "left" : {

          }
        }
      ],
      "parentIdentifier" : null,
      "identifier" : "94ACCAD0-E29B-4B56-9E70-21A6DC566FCE",
      "curve" : null,
      "transform" : [
        0.95474165678024292,
        0,
        0.29743596911430359,
        0,
        0,
        0.99999994039535522,
        0,
        0,
        -0.29743596911430359,
        0,
        0.95474165678024292,
        0,
        10.961295127868652,
        -0.28238955140113831,
        1.0251275300979614,
        0.99999994039535522
      ]
    },
    {
      "category" : {
        "wall" : {

        }
      },
      "confidence" : {
        "medium" : {

        }
      },
      "dimensions" : [
        0.39993932843208313,
        3.0176644325256348,
        0
      ],
      "completedEdges" : [
        {
          "left" : {

          }
        },
        {
          "right" : {

          }
        }
      ],
      "parentIdentifier" : null,
      "identifier" : "4A09D5FD-4C0A-451F-AEDD-AAE191E79D3E",
      "curve" : null,
      "transform" : [
        -0.27492985129356384,
        0,
        0.96146422624588013,
        0,
        0,
        0.99999994039535522,
        0,
        0,
        -0.9614642858505249,
        0,
        -0.27492985129356384,
        0,
        10.842624664306641,
        -0.28238955140113831,
        0.77876675128936768,
        0.99999994039535522
      ]
    },
    {
      "category" : {
        "wall" : {

        }
      },
      "confidence" : {
        "high" : {

        }
      },
      "dimensions" : [
        6.178462028503418,
        3.0176644325256348,
        0
      ],
      "completedEdges" : [
        {
          "right" : {

          }
        },
        {
          "left" : {

          }
        }
      ],
      "parentIdentifier" : null,
      "identifier" : "0ED79A4A-6CA6-40B4-9059-89BF59995494",
      "curve" : null,
      "transform" : [
        -0.28463736176490784,
        0,
        0.95863521099090576,
        0,
        0,
        0.99999994039535522,
        0,
        0,
        -0.95863521099090576,
        0,
        -0.28463736176490784,
        0,
        10.255629539489746,
        -0.28238955140113831,
        4.0406699180603027,
        0.99999994039535522
      ]
    },
    {
      "category" : {
        "wall" : {

        }
      },
      "confidence" : {
        "high" : {

        }
      },
      "dimensions" : [
        2.581357479095459,
        3.0176644325256348,
        0
      ],
      "completedEdges" : [
        {
          "left" : {

          }
        },
        {
          "right" : {

          }
        }
      ],
      "parentIdentifier" : null,
      "identifier" : "C4C3ECF2-89FB-4A25-9444-E482460D8B45",
      "curve" : null,
      "transform" : [
        -0.95943552255630493,
        0,
        -0.28192806243896484,
        0,
        0,
        0.99999994039535522,
        0,
        0,
        0.28192806243896484,
        0,
        -0.95943546295166016,
        0,
        8.1379966735839844,
        -0.28238955140113831,
        6.638237476348877,
        0.99999994039535522
      ]
    },
    {
      "category" : {
        "wall" : {

        }
      },
      "confidence" : {
        "high" : {

        }
      },
      "dimensions" : [
        7.5812020301818848,
        3.0176644325256348,
        0
      ],
      "completedEdges" : [
        {
          "right" : {

          }
        },
        {
          "left" : {

          }
        }
      ],
      "parentIdentifier" : null,
      "identifier" : "CE350825-CDAA-482E-8216-8871A901AC59",
      "curve" : null,
      "transform" : [
        -0.28304308652877808,
        0,
        0.95910704135894775,
        0,
        0,
        0.99999994039535522,
        0,
        0,
        -0.9591071605682373,
        0,
        -0.28304314613342285,
        0,
        5.8267698287963867,
        -0.28238955140113831,
        9.9099512100219727,
        0.99999994039535522
      ]
    },
    {
      "category" : {
        "wall" : {

        }
      },
      "confidence" : {
        "high" : {

        }
      },
      "dimensions" : [
        0.77011525630950928,
        3.0176644325256348,
        0
      ],
      "completedEdges" : [
        {
          "right" : {

          }
        },
        {
          "left" : {

          }
        }
      ],
      "parentIdentifier" : null,
      "identifier" : "9CF8663A-3D05-47BE-9E74-E45CDD0BA5B7",
      "curve" : null,
      "transform" : [
        0.96573752164840698,
        0,
        0.25952017307281494,
        0,
        0,
        0.99999994039535522,
        0,
        0,
        -0.25952020287513733,
        0,
        0.96573764085769653,
        0,
        2.5334634780883789,
        -0.28238955140113831,
        5.8371944427490234,
        0.99999994039535522
      ]
    },
    {
      "category" : {
        "wall" : {

        }
      },
      "confidence" : {
        "high" : {

        }
      },
      "dimensions" : [
        0.36413711309432983,
        3.0176644325256348,
        0
      ],
      "completedEdges" : [
        {
          "right" : {

          }
        },
        {
          "left" : {

          }
        }
      ],
      "parentIdentifier" : null,
      "identifier" : "8C295A56-D381-41EA-9A5A-2E48BC14974B",
      "curve" : null,
      "transform" : [
        0.27492710947990417,
        0,
        -0.96146506071090698,
        0,
        0,
        0.99999994039535522,
        0,
        0,
        0.96146506071090698,
        0,
        0.27492710947990417,
        0,
        4.8811354637145996,
        -0.28238955140113831,
        -0.9445146918296814,
        0.99999994039535522
      ]
    },
    {
      "category" : {
        "wall" : {

        }
      },
      "confidence" : {
        "high" : {

        }
      },
      "dimensions" : [
        6.2055416107177734,
        3.0176644325256348,
        0
      ],
      "completedEdges" : [
        {
          "right" : {

          }
        },
        {
          "left" : {

          }
        }
      ],
      "parentIdentifier" : null,
      "identifier" : "7947020C-7F31-4109-85EE-574ED472E833",
      "curve" : null,
      "transform" : [
        0.96146512031555176,
        0,
        0.27492690086364746,
        0,
        0,
        0.99999994039535522,
        0,
        0,
        -0.27492690086364746,
        0,
        0.96146512031555176,
        0,
        7.9143972396850586,
        -0.28238955140113831,
        -0.26653209328651428,
        0.99999994039535522
      ]
    },
    {
      "category" : {
        "wall" : {

        }
      },
      "confidence" : {
        "high" : {

        }
      },
      "dimensions" : [
        0.63295108079910278,
        3.0176644325256348,
        0
      ],
      "completedEdges" : [
        {
          "left" : {

          }
        },
        {
          "right" : {

          }
        }
      ],
      "parentIdentifier" : null,
      "identifier" : "703DF664-F763-49CD-833B-65E8A1E6004E",
      "curve" : null,
      "transform" : [
        -0.34064322710037231,
        0,
        0.94019252061843872,
        0,
        0,
        0.99999994039535522,
        0,
        0,
        -0.94019252061843872,
        0,
        -0.3406432569026947,
        0,
        3.3997571468353271,
        -0.28238955140113831,
        -1.5033093690872192,
        0.99999994039535522
      ]
    },
    {
      "category" : {
        "wall" : {

        }
      },
      "confidence" : {
        "high" : {

        }
      },
      "dimensions" : [
        1.5997730493545532,
        3.0176644325256348,
        0
      ],
      "completedEdges" : [
        {
          "right" : {

          }
        },
        {
          "left" : {

          }
        }
      ],
      "parentIdentifier" : null,
      "identifier" : "A5262B56-A9B1-4795-9C6B-E1DAD247C7AC",
      "curve" : null,
      "transform" : [
        0.96209168434143066,
        0,
        0.27272570133209229,
        0,
        0,
        0.99999994039535522,
        0,
        0,
        -0.27272570133209229,
        0,
        0.96209174394607544,
        0,
        4.0615158081054688,
        -0.28238955140113831,
        -0.98761188983917236,
        0.99999994039535522
      ]
    },
    {
      "category" : {
        "wall" : {

        }
      },
      "confidence" : {
        "high" : {

        }
      },
      "dimensions" : [
        0.82512909173965454,
        3.0176644325256348,
        0
      ],
      "completedEdges" : [
        {
          "right" : {

          }
        },
        {
          "left" : {

          }
        }
      ],
      "parentIdentifier" : null,
      "identifier" : "34B3BD2D-246D-4E59-BF33-8C3A19E7C8FF",
      "curve" : null,
      "transform" : [
        0.26763352751731873,
        0,
        -0.96352076530456543,
        0,
        0,
        0.99999994039535522,
        0,
        0,
        0.96352076530456543,
        0,
        0.26763352751731873,
        0,
        3.0157442092895508,
        -0.28238955140113831,
        5.5396103858947754,
        0.99999994039535522
      ]
    },
    {
      "category" : {
        "wall" : {

        }
      },
      "confidence" : {
        "high" : {

        }
      },
      "dimensions" : [
        6.9413414001464844,
        3.0176644325256348,
        0
      ],
      "completedEdges" : [
        {
          "right" : {

          }
        },
        {
          "left" : {

          }
        }
      ],
      "parentIdentifier" : null,
      "identifier" : "F19B9083-FBA4-46D4-B350-BF19C6471F13",
      "curve" : null,
      "transform" : [
        0.25952008366584778,
        0,
        -0.96573758125305176,
        0,
        0,
        0.99999994039535522,
        0,
        0,
        0.96573758125305176,
        0,
        0.25952005386352539,
        0,
        1.4762530326843262,
        -0.28238955140113831,
        8.287602424621582,
        0.99999994039535522
      ]
    },
    {
      "category" : {
        "wall" : {

        }
      },
      "confidence" : {
        "high" : {

        }
      },
      "dimensions" : [
        0.77706968784332275,
        3.0176644325256348,
        0
      ],
      "completedEdges" : [
        {
          "right" : {

          }
        },
        {
          "left" : {

          }
        }
      ],
      "parentIdentifier" : null,
      "identifier" : "E2B559E3-9AD1-4FCB-AAA6-760B089D662D",
      "curve" : null,
      "transform" : [
        -0.96413296461105347,
        0,
        -0.26541987061500549,
        0,
        0,
        0.99999994039535522,
        0,
        0,
        0.26541987061500549,
        0,
        -0.96413290500640869,
        0,
        2.751561164855957,
        -0.28238955140113831,
        5.0389704704284668,
        0.99999994039535522
      ]
    },
    {
      "category" : {
        "wall" : {

        }
      },
      "confidence" : {
        "high" : {

        }
      },
      "dimensions" : [
        0.61806708574295044,
        3.0176644325256348,
        0
      ],
      "completedEdges" : [
        {
          "left" : {

          }
        },
        {
          "right" : {

          }
        }
      ],
      "parentIdentifier" : null,
      "identifier" : "BE1F95B1-22DD-458D-9FC2-97DF687C29A1",
      "curve" : null,
      "transform" : [
        0.95826107263565063,
        0,
        0.28589427471160889,
        0,
        0,
        0.99999994039535522,
        0,
        0,
        -0.28589430451393127,
        0,
        0.95826119184494019,
        0,
        0.067519403994083405,
        -0.28238955140113831,
        -2.1631829738616943,
        0.99999994039535522
      ]
    },
    {
      "category" : {
        "wall" : {

        }
      },
      "confidence" : {
        "medium" : {

        }
      },
      "dimensions" : [
        0.38043466210365295,
        3.0176644325256348,
        0
      ],
      "completedEdges" : [
        {
          "right" : {

          }
        },
        {
          "left" : {

          }
        }
      ],
      "parentIdentifier" : null,
      "identifier" : "31CB2340-BA69-4997-A48C-B067A97A1A2B",
      "curve" : null,
      "transform" : [
        0.36102142930030823,
        0,
        -0.93255746364593506,
        0,
        0,
        0.99999994039535522,
        0,
        0,
        0.93255746364593506,
        0,
        0.36102142930030823,
        0,
        0.43232676386833191,
        -0.28238955140113831,
        -2.252220630645752,
        0.99999994039535522
      ]
    },
    {
      "category" : {
        "wall" : {

        }
      },
      "confidence" : {
        "high" : {

        }
      },
      "dimensions" : [
        0.36425736546516418,
        3.0176644325256348,
        0
      ],
      "completedEdges" : [
        {
          "right" : {

          }
        },
        {
          "left" : {

          }
        }
      ],
      "parentIdentifier" : null,
      "identifier" : "960573A8-B5DC-49A9-9CA5-094C33BEBE8E",
      "curve" : null,
      "transform" : [
        -0.29954284429550171,
        0,
        0.95408278703689575,
        0,
        0,
        0.99999994039535522,
        0,
        0,
        -0.95408272743225098,
        0,
        -0.29954284429550171,
        0,
        1.8152118921279907,
        -0.28238955140113831,
        -2.1157236099243164,
        0.99999994039535522
      ]
    },
    {
      "category" : {
        "wall" : {

        }
      },
      "confidence" : {
        "high" : {

        }
      },
      "dimensions" : [
        1.7091324329376221,
        3.0176644325256348,
        0
      ],
      "completedEdges" : [
        {
          "left" : {

          }
        },
        {
          "right" : {

          }
        }
      ],
      "parentIdentifier" : null,
      "identifier" : "3AEC0386-4604-4D31-B8D4-8A71E1E97A1D",
      "curve" : null,
      "transform" : [
        0.95826113224029541,
        0,
        0.28589478135108948,
        0,
        0,
        0.99999994039535522,
        0,
        0,
        -0.28589475154876709,
        0,
        0.95826101303100586,
        0,
        2.6886651515960693,
        -0.28238955140113831,
        -2.0451734066009521,
        0.99999994039535522
      ]
    },
    {
      "category" : {
        "wall" : {

        }
      },
      "confidence" : {
        "medium" : {

        }
      },
      "dimensions" : [
        1.3507556915283203,
        3.0176644325256348,
        0
      ],
      "completedEdges" : [
        {
          "right" : {

          }
        },
        {
          "left" : {

          }
        }
      ],
      "parentIdentifier" : null,
      "identifier" : "C470AEC5-93BB-4B14-B8C7-1D998E2DACF2",
      "curve" : null,
      "transform" : [
        0.93255752325057983,
        0,
        0.36102133989334106,
        0,
        0,
        0.99999994039535522,
        0,
        0,
        -0.36102133989334106,
        0,
        0.93255752325057983,
        0,
        1.1308280229568481,
        -0.28238955140113831,
        -2.1857833862304688,
        0.99999994039535522
      ]
    },
    {
      "category" : {
        "wall" : {

        }
      },
      "confidence" : {
        "high" : {

        }
      },
      "dimensions" : [
        6.1708817481994629,
        3.0176644325256348,
        0
      ],
      "completedEdges" : [
        {
          "left" : {

          }
        },
        {
          "right" : {

          }
        }
      ],
      "parentIdentifier" : null,
      "identifier" : "AF8BD3AB-671C-458E-B56D-7947929DB502",
      "curve" : null,
      "transform" : [
        0.27711018919944763,
        0,
        -0.96083825826644897,
        0,
        0,
        0.99999994039535522,
        0,
        0,
        0.96083813905715942,
        0,
        0.27711012959480286,
        0,
        -1.0836224555969238,
        -0.28238955140113831,
        0.71307510137557983,
        0.99999994039535522
      ]
    },
    {
      "category" : {
        "wall" : {

        }
      },
      "confidence" : {
        "medium" : {

        }
      },
      "dimensions" : [
        3.9425039291381836,
        3.0176644325256348,
        0
      ],
      "completedEdges" : [
        {
          "right" : {

          }
        },
        {
          "left" : {

          }
        }
      ],
      "parentIdentifier" : null,
      "identifier" : "A7821A9E-32D1-410B-9C8D-17ED4B23F03D",
      "curve" : null,
      "transform" : [
        -0.95986294746398926,
        0,
        -0.28046944737434387,
        0,
        0,
        0.99999994039535522,
        0,
        0,
        0.28046944737434387,
        0,
        -0.95986288785934448,
        0,
        0.33656102418899536,
        -0.28238955140113831,
        4.9347147941589355,
        0.99999994039535522
      ]
    },
    {
      "category" : {
        "wall" : {

        }
      },
      "confidence" : {
        "high" : {

        }
      },
      "dimensions" : [
        0.56968724727630615,
        3.0176644325256348,
        0
      ],
      "completedEdges" : [
        {
          "right" : {

          }
        },
        {
          "left" : {

          }
        }
      ],
      "parentIdentifier" : null,
      "identifier" : "223A9543-ED50-42EB-8133-527187F1B439",
      "curve" : null,
      "transform" : [
        -0.96083807945251465,
        0,
        -0.27711018919944763,
        0,
        0,
        0.99999994039535522,
        0,
        0,
        0.27711018919944763,
        0,
        -0.96083807945251465,
        0,
        -1.6649408340454102,
        -0.28238955140113831,
        3.7566173076629639,
        0.99999994039535522
      ]
    },
    {
      "category" : {
        "wall" : {

        }
      },
      "confidence" : {
        "high" : {

        }
      },
      "dimensions" : [
        0.57046639919281006,
        3.0176644325256348,
        0
      ],
      "completedEdges" : [
        {
          "right" : {

          }
        },
        {
          "left" : {

          }
        }
      ],
      "parentIdentifier" : null,
      "identifier" : "9D76BE56-1C22-42E3-B652-D1A333AA5D06",
      "curve" : null,
      "transform" : [
        0.28804239630699158,
        0,
        -0.95761770009994507,
        0,
        0,
        0.99999994039535522,
        0,
        0,
        0.95761764049530029,
        0,
        0.28804239630699158,
        0,
        -1.4734115600585938,
        -0.28238955140113831,
        4.1086945533752441,
        0.99999994039535522
      ]
    }
  ],
  "openings" : [

  ],
  "objects" : [
    {
      "dimensions" : [
        0.45385998487472534,
        0.8706125020980835,
        0.47168546915054321
      ],
      "confidence" : {
        "medium" : {

        }
      },
      "transform" : [
        0.31763976812362671,
        0,
        -0.94821137189865112,
        0,
        0,
        0.99999994039535522,
        0,
        0,
        0.94821137189865112,
        0,
        0.31763976812362671,
        0,
        -0.033248566091060638,
        -1.3559154272079468,
        -1.9374048709869385,
        0.99999994039535522
      ],
      "category" : {
        "chair" : {

        }
      },
      "identifier" : "315B7784-248A-4B31-B6A9-C68882BFF9D3"
    },
    {
      "dimensions" : [
        0.61343920230865479,
        1.1453505754470825,
        0.68972182273864746
      ],
      "confidence" : {
        "high" : {

        }
      },
      "transform" : [
        0.23901286721229553,
        0,
        -0.97101634740829468,
        0,
        0,
        0.99999994039535522,
        0,
        0,
        0.97101634740829468,
        0,
        0.23901288211345673,
        0,
        -0.51943343877792358,
        -1.2185462713241577,
        1.7171120643615723,
        0.99999994039535522
      ],
      "category" : {
        "chair" : {

        }
      },
      "identifier" : "D14B30B3-7977-4277-83C0-36B8FB7B9BEE"
    },
    {
      "dimensions" : [
        0.54473018646240234,
        1.0041390657424927,
        0.59323179721832275
      ],
      "confidence" : {
        "medium" : {

        }
      },
      "transform" : [
        0.39342179894447327,
        0,
        -0.91935807466506958,
        0,
        0,
        0.99999994039535522,
        0,
        0,
        0.91935807466506958,
        0,
        0.39342176914215088,
        0,
        0.36792457103729248,
        -1.2891520261764526,
        -1.1932227611541748,
        0.99999994039535522
      ],
      "category" : {
        "chair" : {

        }
      },
      "identifier" : "61ED1201-C598-46AC-B744-2078ABF2A39D"
    },
    {
      "dimensions" : [
        0.69953024387359619,
        0.50033414363861084,
        0.42491760849952698
      ],
      "confidence" : {
        "medium" : {

        }
      },
      "transform" : [
        0.27710992097854614,
        0,
        -0.9608381986618042,
        0,
        0,
        0.99999994039535522,
        0,
        0,
        0.9608381986618042,
        0,
        0.27710992097854614,
        0,
        -0.13194277882575989,
        0.77488249540328979,
        -1.7839509248733521,
        0.99999994039535522
      ],
      "category" : {
        "storage" : {

        }
      },
      "identifier" : "3A255B1F-344D-413C-A1F9-8002DF87AB44"
    },
    {
      "dimensions" : [
        0.64346611499786377,
        0.38303089141845703,
        0.06499992311000824
      ],
      "confidence" : {
        "medium" : {

        }
      },
      "transform" : [
        -0.36471080780029297,
        0,
        0.93112081289291382,
        0,
        0,
        0.99999994039535522,
        0,
        0,
        -0.93112081289291382,
        0,
        -0.36471083760261536,
        0,
        3.7667934894561768,
        -0.75018918514251709,
        0.86432284116744995,
        0.99999994039535522
      ],
      "category" : {
        "television" : {

        }
      },
      "identifier" : "0A5DFC18-7066-4F4B-BF0C-8247674923A1"
    },
    {
      "dimensions" : [
        0.66690677404403687,
        1.0305625200271606,
        0.58521187305450439
      ],
      "confidence" : {
        "high" : {

        }
      },
      "transform" : [
        0.99759691953659058,
        0,
        -0.069282792508602142,
        0,
        0,
        0.99999994039535522,
        0,
        0,
        0.069282792508602142,
        0,
        0.99759691953659058,
        0,
        5.0501651763916016,
        -1.2759402990341187,
        -0.028088780120015144,
        0.99999994039535522
      ],
      "category" : {
        "chair" : {

        }
      },
      "identifier" : "16B9C248-C093-4E25-ACF0-F5121FF60D8A"
    },
    {
      "dimensions" : [
        0.55066192150115967,
        0.52829611301422119,
        0.46624711155891418
      ],
      "confidence" : {
        "high" : {

        }
      },
      "transform" : [
        0.96146529912948608,
        0,
        0.27492660284042358,
        0,
        0,
        0.99999994039535522,
        0,
        0,
        -0.2749265730381012,
        0,
        0.96146529912948608,
        0,
        5.4250278472900391,
        -1.5270737409591675,
        -0.72548907995223999,
        0.99999994039535522
      ],
      "category" : {
        "table" : {

        }
      },
      "identifier" : "E5CB3155-38C8-481B-B42E-41BCC1F223A1"
    },
    {
      "dimensions" : [
        2.6034760475158691,
        0.83215677738189697,
        2.490062952041626
      ],
      "confidence" : {
        "high" : {

        }
      },
      "transform" : [
        0.27090483903884888,
        0,
        -0.96260613203048706,
        0,
        0,
        0.99999994039535522,
        0,
        0,
        0.96260613203048706,
        0,
        0.27090483903884888,
        0,
        4.0636558532714844,
        -1.3751431703567505,
        7.7126369476318359,
        0.99999994039535522
      ],
      "category" : {
        "table" : {

        }
      },
      "identifier" : "2A0031E5-1447-40DF-A952-A64AE1D1906F"
    },
    {
      "dimensions" : [
        0.95338094234466553,
        0.60545122623443604,
        0.079999975860118866
      ],
      "confidence" : {
        "medium" : {

        }
      },
      "transform" : [
        0.33359801769256592,
        0,
        -0.9427153468132019,
        0,
        0,
        0.99999994039535522,
        0,
        0,
        0.9427153468132019,
        0,
        0.33359801769256592,
        0,
        1.650060772895813,
        -0.47839099168777466,
        8.9353790283203125,
        0.99999994039535522
      ],
      "category" : {
        "television" : {

        }
      },
      "identifier" : "7681B88D-24A9-467A-AF03-45B6DD1A897A"
    },
    {
      "dimensions" : [
        0.45893540978431702,
        0.92476117610931396,
        0.50051033496856689
      ],
      "confidence" : {
        "medium" : {

        }
      },
      "transform" : [
        0.97250622510910034,
        0,
        0.23287686705589294,
        0,
        0,
        0.99999988079071045,
        0,
        0,
        -0.23287685215473175,
        0,
        0.97250622510910034,
        0,
        4.0050802230834961,
        -1.3288410902023315,
        6.5954780578613281,
        0.99999994039535522
      ],
      "category" : {
        "chair" : {

        }
      },
      "identifier" : "E5D3E112-1FA3-4AE6-809C-BFE96CD35DDB"
    },
    {
      "dimensions" : [
        0.41770729422569275,
        0.85133945941925049,
        0.44608584046363831
      ],
      "confidence" : {
        "medium" : {

        }
      },
      "transform" : [
        0.94122201204299927,
        0,
        0.33778843283653259,
        0,
        0,
        0.99999994039535522,
        0,
        0,
        -0.33778843283653259,
        0,
        0.94122201204299927,
        0,
        4.9018783569335938,
        -1.3655518293380737,
        6.8369846343994141,
        0.99999994039535522
      ],
      "category" : {
        "chair" : {

        }
      },
      "identifier" : "591D94DE-919E-488E-8E0E-78F44C507715"
    },
    {
      "dimensions" : [
        0.46851456165313721,
        0.86519432067871094,
        0.49867680668830872
      ],
      "confidence" : {
        "medium" : {

        }
      },
      "transform" : [
        -0.8953472375869751,
        0,
        -0.44536855816841125,
        0,
        0,
        0.99999988079071045,
        0,
        0,
        0.44536852836608887,
        0,
        -0.89534717798233032,
        0,
        3.1658532619476318,
        -1.3586244583129883,
        8.6139345169067383,
        0.99999994039535522
      ],
      "category" : {
        "chair" : {

        }
      },
      "identifier" : "343E4CFE-05FC-47E7-8C7A-49DB789F6B88"
    },
    {
      "dimensions" : [
        1.0228488445281982,
        0.65325248241424561,
        0.065000124275684357
      ],
      "confidence" : {
        "medium" : {

        }
      },
      "transform" : [
        0.31905284523963928,
        0,
        -0.94773703813552856,
        0,
        0,
        0.99999994039535522,
        0,
        0,
        0.94773703813552856,
        0,
        0.31905284523963928,
        0,
        2.3322463035583496,
        -0.52264827489852905,
        6.9981498718261719,
        0.99999994039535522
      ],
      "category" : {
        "television" : {

        }
      },
      "identifier" : "A6A78E1A-A09E-42B7-9968-A471C19B31CE"
    },
    {
      "dimensions" : [
        1.2562373876571655,
        0.75718462467193604,
        0.56562590599060059
      ],
      "confidence" : {
        "medium" : {

        }
      },
      "transform" : [
        -0.95730030536651611,
        0,
        -0.28909552097320557,
        0,
        0,
        0.99999988079071045,
        0,
        0,
        0.28909549117088318,
        0,
        -0.95730024576187134,
        0,
        4.0577349662780762,
        -1.412629246711731,
        13.029444694519043,
        0.99999994039535522
      ],
      "category" : {
        "storage" : {

        }
      },
      "identifier" : "C764CC9A-4EA2-450E-9E4D-DA03F1C88BB4"
    },
    {
      "dimensions" : [
        0.55497628450393677,
        1.1646953821182251,
        0.46735957264900208
      ],
      "confidence" : {
        "medium" : {

        }
      },
      "transform" : [
        0.28909465670585632,
        0,
        -0.95730048418045044,
        0,
        0,
        0.99999994039535522,
        0,
        0,
        0.95730054378509521,
        0,
        0.28909465670585632,
        0,
        1.2392659187316895,
        -1.2088738679885864,
        12.183855056762695,
        0.99999994039535522
      ],
      "category" : {
        "storage" : {

        }
      },
      "identifier" : "7F039DEE-D3FA-4B40-8C8F-02FC61198F75"
    },
    {
      "dimensions" : [
        0.57372856140136719,
        0.29999995231628418,
        0.48082903027534485
      ],
      "confidence" : {
        "medium" : {

        }
      },
      "transform" : [
        -0.94856780767440796,
        0,
        -0.31657388806343079,
        0,
        0,
        0.99999994039535522,
        0,
        0,
        0.31657388806343079,
        0,
        -0.94856780767440796,
        0,
        4.2551827430725098,
        -1.1070159673690796,
        13.121984481811523,
        0.99999994039535522
      ],
      "category" : {
        "sink" : {

        }
      },
      "identifier" : "F632A7F7-EAF2-43B9-A1B4-D227F6531814"
    },
    {
      "dimensions" : [
        0.45413467288017273,
        0.87976348400115967,
        0.48777854442596436
      ],
      "confidence" : {
        "medium" : {

        }
      },
      "transform" : [
        -0.270559161901474,
        0,
        0.96270322799682617,
        0,
        0,
        0.99999994039535522,
        0,
        0,
        -0.96270322799682617,
        0,
        -0.270559161901474,
        0,
        5.2340168952941895,
        -1.3513398170471191,
        7.1613044738769531,
        0.99999994039535522
      ],
      "category" : {
        "chair" : {

        }
      },
      "identifier" : "535F9DF5-0F2A-4AD9-8A97-1671A5336674"
    },
    {
      "dimensions" : [
        0.47785809636116028,
        0.90984022617340088,
        0.54929870367050171
      ],
      "confidence" : {
        "medium" : {

        }
      },
      "transform" : [
        -0.27459052205085754,
        0,
        0.96156120300292969,
        0,
        0,
        0.99999988079071045,
        0,
        0,
        -0.96156114339828491,
        0,
        -0.27459049224853516,
        0,
        4.8996553421020508,
        -1.3363016843795776,
        8.5669212341308594,
        0.99999994039535522
      ],
      "category" : {
        "chair" : {

        }
      },
      "identifier" : "85BE8F9E-178D-43D5-B669-62D5F60714C2"
    },
    {
      "dimensions" : [
        0.45550674200057983,
        0.9029308557510376,
        0.48764258623123169
      ],
      "confidence" : {
        "medium" : {

        }
      },
      "transform" : [
        -0.30293723940849304,
        0,
        0.95301038026809692,
        0,
        0,
        0.99999994039535522,
        0,
        0,
        -0.95301038026809692,
        0,
        -0.30293723940849304,
        0,
        5.2847533226013184,
        -1.3397561311721802,
        7.4618282318115234,
        0.99999994039535522
      ],
      "category" : {
        "chair" : {

        }
      },
      "identifier" : "BDE7F603-DED9-45AA-93D3-72B4D03F4965"
    },
    {
      "dimensions" : [
        0.45325031876564026,
        0.89681899547576904,
        0.49392342567443848
      ],
      "confidence" : {
        "medium" : {

        }
      },
      "transform" : [
        -0.25864335894584656,
        0,
        0.965972900390625,
        0,
        0,
        0.99999982118606567,
        0,
        0,
        -0.96597278118133545,
        0,
        -0.25864332914352417,
        0,
        5.1670417785644531,
        -1.3428120613098145,
        7.7762789726257324,
        0.99999994039535522
      ],
      "category" : {
        "chair" : {

        }
      },
      "identifier" : "90A2FF4F-5EF1-47BF-98FC-D8B22AFED484"
    },
    {
      "dimensions" : [
        0.45326575636863708,
        0.80146193504333496,
        0.50806450843811035
      ],
      "confidence" : {
        "medium" : {

        }
      },
      "transform" : [
        -0.21858078241348267,
        0,
        0.97581875324249268,
        0,
        0,
        0.99999994039535522,
        0,
        0,
        -0.97581875324249268,
        0,
        -0.21858078241348267,
        0,
        7.6894998550415039,
        -1.3904905319213867,
        0.93716543912887573,
        0.99999994039535522
      ],
      "category" : {
        "chair" : {

        }
      },
      "identifier" : "FC977CE3-3DCF-4CBB-B5A5-E1B8DB1D8B38"
    },
    {
      "dimensions" : [
        1.1907941102981567,
        0.85402929782867432,
        0.4419102668762207
      ],
      "confidence" : {
        "medium" : {

        }
      },
      "transform" : [
        -0.2846413254737854,
        0,
        0.95863401889801025,
        0,
        0,
        1,
        0,
        0,
        -0.9586341381072998,
        0,
        -0.28464138507843018,
        0,
        9.3490133285522461,
        -1.3642071485519409,
        6.282681941986084,
        0.99999994039535522
      ],
      "category" : {
        "storage" : {

        }
      },
      "identifier" : "BE45149B-8239-4A7A-A5B8-3B21C211D08A"
    },
    {
      "dimensions" : [
